task_task6_score: -0.999999000000
task_task8_score: 0.007971948450
task_task7_score: 0.023976789362
task_task9_score: -0.999999000000
task_average_score: 1.597436890555
Duration: 0
