task_task6_score: -0.999999000000
task_task8_score: 0.006142128488
task_task7_score: 0.018065904641
task_task9_score: -0.999999000000
task_average_score: 1.210401656451
Duration: 0
