task_task6_score: -0.999999000000
task_task8_score: 0.026247414532
task_task7_score: 0.010984257506
task_task9_score: -0.999999000000
task_average_score: 1.861583601896
Duration: 0
